16      45       13        98         1     -1         0   no           1   
17      57       52        38         1     -1         0   no           0   
18      60       60       219         1     -1         0   no           0   
19      33        0        54         1     -1         0   no           0   
20      28      723       262         1     -1         0   no           0   
21      56      779       164         1     -1         0   no           0   
22      32       23       160         1     -1         0   no           0   
23      25       50       342         1     -1         0   no           0   
24      40        0       181         1     -1         0   no           0   
25      44     -372       172         1     -1         0   no           1   
26      39      255       296         1     -1         0   no           0   
27      52      113       127         1     -1         0   no           0   
28      46     -246       255         2     -1         0   no           0   
29      36      265       348         1     -1         0   no           0   
...    ...      ...       ...       ...    ...       ...  ...         ...   
45181   46     6879        74         2    118         3   no           0   
45182   34      133       401         2    187         5  yes           0   
45183   70      324        78         1     96         7   no           0   
45184   63     1495       138         1     22         5   no           0   
45185   60     4256       200         1     92         4  yes           0   
45186   59     1500       280         1    104         2   no           0   
45187   32     1168       411         1     -1         0  yes           0   
45188   29      703       236         1    550         2  yes           0   
45189   25      199       173         1     92         5   no           0   
45190   32      136       206         1    188         3  yes           0   
45191   75     3810       262         1    183         1  yes           0   
45192   29      765       238         1     -1         0  yes           0   
45193   28      159       449         2     33         4  yes           0   
45194   59      138       162         2    187         5   no           0   
45195   68     1146       212         1    187         6  yes           0   
45196   25      358       330         1     -1         0  yes           0   
45197   36     1511       270         1     -1         0  yes           0   
45198   37     1428       333         2     -1         0   no           0   
45199   34     1475      1166         3    530        12   no           0   
45200   38      557      1556         4     -1         0  yes           0   
45201   53      583       226         1    184         4  yes           0   
45202   34      557       224         1     -1         0  yes           1   
45203   23      113       266         1     -1         0  yes           0   
45204   73     2850       300         1     40         8  yes           0   
45205   25      505       386         2     -1         0  yes           0   
45206   51      825       977         3     -1         0  yes           0   
45207   71     1729       456         2     -1         0  yes           0   
45208   72     5715      1127         5    184         3  yes           0   
45209   57      668       508         4     -1         0   no           0   
45210   37     2971       361         2    188        11   no           0   

       job_blue-collar  job_entrepreneur        ...         month_jun  0                    0                 0        ...                 0   
1                    0                 0        ...                 0   
2                    0                 1        ...                 0   
3                    1                 0        ...                 0   
4                    0                 0        ...                 0   
5                    0                 0        ...                 0   
6                    0                 0        ...                 0   
7                    0                 1        ...                 0   
8                    0                 0        ...                 0   
9                    0                 0        ...                 0   
10                   0                 0        ...                 0   
11                   0                 0        ...                 0   
12                   0                 0        ...                 0   
13                   0                 0        ...                 0   
14                   0                 0        ...                 0   
15                   0                 0        ...                 0   
16                   0                 0        ...                 0   
17                   1                 0        ...                 0   
18                   0                 0        ...                 0   
19                   0                 0        ...                 0   
20                   1                 0        ...                 0   
21                   0                 0        ...                 0   
22                   1                 0        ...                 0   
23                   0                 0        ...                 0   
24                   0                 0        ...                 0   
25                   0                 0        ...                 0   
26                   0                 0        ...                 0   
27                   0                 1        ...                 0   
28                   0                 0        ...                 0   
29                   0                 0        ...                 0   
...                ...               ...        ...               ...   
45181                1                 0        ...                 0   
45182                0                 0        ...                 0   
45183                0                 0        ...                 0   
45184                0                 0        ...                 0   
45185                0                 0        ...                 0   
45186                0                 0        ...                 0   
45187                0                 0        ...                 0   
45188                0                 0        ...                 0   
45189                0                 0        ...                 0   
45190                1                 0        ...                 0   
45191                0                 0        ...                 0   
45192                0                 0        ...                 0   
45193                0                 0        ...                 0   
45194                0                 0        ...                 0   
45195                0                 0        ...                 0   
45196                0                 0        ...                 0   
45197                0                 0        ...                 0   
45198                0                 0        ...                 0   
45199                1                 0        ...                 0   
45200                0                 0        ...                 0   
45201                0                 0        ...                 0   
45202                0                 0        ...                 0   
45203                0                 0        ...                 0   
45204                0                 0        ...                 0   
45205                0                 0        ...                 0   
45206                0                 0        ...                 0   
45207                0                 0        ...                 0   
45208                0                 0        ...                 0   
45209                1                 0        ...                 0   
45210                0                 1        ...                 0   

       month_mar  month_may  month_nov  month_oct  month_sep  0              0          1          0          0          0   
1              0          1          0          0          0   
2              0          1          0          0          0   
3              0          1          0          0          0   
4              0          1          0          0          0   
5              0          1          0          0          0   
6              0          1          0          0          0   
7              0          1          0          0          0   
8              0          1          0          0          0   
9              0          1          0          0          0   
10             0          1          0          0          0   
11             0          1          0          0          0   
12             0          1          0          0          0   
13             0          1          0          0          0   
14             0          1          0          0          0   
15             0          1          0          0          0   
16             0          1          0          0          0   
17             0          1          0          0          0   
18             0          1          0          0          0   
19             0          1          0          0          0   
20             0          1          0          0          0   
21             0          1          0          0          0   
22             0          1          0          0          0   
23             0          1          0          0          0   
24             0          1          0          0          0   
25             0          1          0          0          0   
26             0          1          0          0          0   
27             0          1          0          0          0   
28             0          1          0          0          0   
29             0          1          0          0          0   
...          ...        ...        ...        ...        ...   
45181          0          0          1          0          0   
45182          0          0          1          0          0   
45183          0          0          1          0          0   
45184          0          0          1          0          0   
45185          0          0          1          0          0   
45186          0          0          1          0          0   
45187          0          0          1          0          0   
45188          0          0          1          0          0   
45189          0          0          1          0          0   
45190          0          0          1          0          0   
45191          0          0          1          0          0   
45192          0          0          1          0          0   
45193          0          0          1          0          0   
45194          0          0          1          0          0   
45195          0          0          1          0          0   
45196          0          0          1          0          0   
45197          0          0          1          0          0   
45198          0          0          1          0          0   
45199          0          0          1          0          0   
45200          0          0          1          0          0   
45201          0          0          1          0          0   
45202          0          0          1          0          0   
45203          0          0          1          0          0   
45204          0          0          1          0          0   
45205          0          0          1          0          0   
45206          0          0          1          0          0   
45207          0          0          1          0          0   
45208          0          0          1          0          0   
45209          0          0          1          0          0   
45210          0          0          1          0          0   

       poutcome_failure  poutcome_other  poutcome_success  poutcome_unknown  
0                     0               0                 0                 1  
1                     0               0                 0                 1  
2                     0               0                 0                 1  
3                     0               0                 0                 1  
4                     0               0                 0                 1  
5                     0               0                 0                 1  
6                     0               0                 0                 1  
7                     0               0                 0                 1  
8                     0               0                 0                 1  
9                     0               0                 0                 1  
10                    0               0                 0                 1  
11                    0               0                 0                 1  
12                    0               0                 0                 1  
13                    0               0                 0                 1  
14                    0               0                 0                 1  
15                    0               0                 0                 1  
16                    0               0                 0                 1  
17                    0               0                 0                 1  
18                    0               0                 0                 1  
19                    0               0                 0                 1  
20                    0               0                 0                 1  
21                    0               0                 0                 1  
22                    0               0                 0                 1  
23                    0               0                 0                 1  
24                    0               0                 0                 1  
25                    0               0                 0                 1  
26                    0               0                 0                 1  
27                    0               0                 0                 1  
28                    0               0                 0                 1  
29                    0               0                 0                 1  
...                 ...             ...               ...               ...  
45181                 1               0                 0                 0  
45182                 0               0                 1                 0  
45183                 0               0                 1                 0  
45184                 0               0                 1                 0  
45185                 0               0                 1                 0  
45186                 1               0                 0                 0  
45187                 0               0                 0                 1  
45188                 0               0                 1                 0  
45189                 1               0                 0                 0  
45190                 0               0                 1                 0  
45191                 1               0                 0                 0  
45192                 0               0                 0                 1  
45193                 0               0                 1                 0  
45194                 1               0                 0                 0  
45195                 0               0                 1                 0  
45196                 0               0                 0                 1  
45197                 0               0                 0                 1  
45198                 0               0                 0                 1  
45199                 0               1                 0                 0  
45200                 0               0                 0                 1  
45201                 0               0                 1                 0  
45202                 0               0                 0                 1  
45203                 0               0                 0                 1  
45204                 1               0                 0                 0  
45205                 0               0                 0                 1  
45206                 0               0                 0                 1  
45207                 0               0                 0                 1  
45208                 0               0                 1                 0  
45209                 0               0                 0                 1  
45210                 0               1                 0                 0  

[45211 rows x 82 columns]
<bound method DataFrame.head of        age  balance  duration  campaign  pdays  previous    y  job_admin.  0       58     2143       261         1     -1         0   no           0   
1       44       29       151         1     -1         0   no           0   
2       33        2        76         1     -1         0   no           0   
3       47     1506        92         1     -1         0   no           0   
4       33        1       198         1     -1         0   no           0   
5       35      231       139         1     -1         0   no           0   
6       28      447       217         1     -1         0   no           0   
7       42        2       380         1     -1         0   no           0   
8       58      121        50         1     -1         0   no           0   
9       43      593        55         1     -1         0   no           0   
10      41      270       222         1     -1         0   no           1   
11      29      390       137         1     -1         0   no           1   
12      53        6       517         1     -1         0   no           0   
13      58       71        71         1     -1         0   no           0   
14      57      162       174         1     -1         0   no           0   
15      51      229       353         1     -1         0   no           0   
16      45       13        98         1     -1         0   no           1   
17      57       52        38         1     -1         0   no           0   
18      60       60       219         1     -1         0   no           0   
19      33        0        54         1     -1         0   no           0   
20      28      723       262         1     -1         0   no           0   
21      56      779       164         1     -1         0   no           0   
22      32       23       160         1     -1         0   no           0   
23      25       50       342         1     -1         0   no           0   
24      40        0       181         1     -1         0   no           0   
25      44     -372       172         1     -1         0   no           1   
26      39      255       296         1     -1         0   no           0   
27      52      113       127         1     -1         0   no           0   
28      46     -246       255         2     -1         0   no           0   
29      36      265       348         1     -1         0   no           0   
...    ...      ...       ...       ...    ...       ...  ...         ...   
45181   46     6879        74         2    118         3   no           0   
45182   34      133       401         2    187         5  yes           0   
45183   70      324        78         1     96         7   no           0   
45184   63     1495       138         1     22         5   no           0   
45185   60     4256       200         1     92         4  yes           0   
45186   59     1500       280         1    104         2   no           0   
45187   32     1168       411         1     -1         0  yes           0   
45188   29      703       236         1    550         2  yes           0   
45189   25      199       173         1     92         5   no           0   
45190   32      136       206         1    188         3  yes           0   
45191   75     3810       262         1    183         1  yes           0   
45192   29      765       238         1     -1         0  yes           0   
45193   28      159       449         2     33         4  yes           0   
45194   59      138       162         2    187         5   no           0   
45195   68     1146       212         1    187         6  yes           0   
45196   25      358       330         1     -1         0  yes           0   
45197   36     1511       270         1     -1         0  yes           0   
45198   37     1428       333         2     -1         0   no           0   
45199   34     1475      1166         3    530        12   no           0   
45200   38      557      1556         4     -1         0  yes           0   
45201   53      583       226         1    184         4  yes           0   
45202   34      557       224         1     -1         0  yes           1   
45203   23      113       266         1     -1         0  yes           0   
45204   73     2850       300         1     40         8  yes           0   
45205   25      505       386         2     -1         0  yes           0   
45206   51      825       977         3     -1         0  yes           0   
45207   71     1729       456         2     -1         0  yes           0   
45208   72     5715      1127         5    184         3  yes           0   
45209   57      668       508         4     -1         0   no           0   
45210   37     2971       361         2    188        11   no           0   

       job_blue-collar  job_entrepreneur        ...         month_jun  0                    0                 0        ...                 0   
1                    0                 0        ...                 0   
2                    0                 1        ...                 0   
3                    1                 0        ...                 0   
4                    0                 0        ...                 0   
5                    0                 0        ...                 0   
6                    0                 0        ...                 0   
7                    0                 1        ...                 0   
8                    0                 0        ...                 0   
9                    0                 0        ...                 0   
10                   0                 0        ...                 0   
11                   0                 0        ...                 0   
12                   0                 0        ...                 0   
13                   0                 0        ...                 0   
14                   0                 0        ...                 0   
15                   0                 0        ...                 0   
16                   0                 0        ...                 0   
17                   1                 0        ...                 0   
18                   0                 0        ...                 0   
19                   0                 0        ...                 0   
20                   1                 0        ...                 0   
21                   0                 0        ...                 0   
22                   1                 0        ...                 0   
23                   0                 0        ...                 0   
24                   0                 0        ...                 0   
25                   0                 0        ...                 0   
26                   0                 0        ...                 0   
27                   0                 1        ...                 0   
28                   0                 0        ...                 0   
29                   0                 0        ...                 0   
...                ...               ...        ...               ...   
45181                1                 0        ...                 0   
45182                0                 0        ...                 0   
45183                0                 0        ...                 0   
45184                0                 0        ...                 0   
45185                0                 0        ...                 0   
45186                0                 0        ...                 0   
45187                0                 0        ...                 0   
45188                0                 0        ...                 0   
45189                0                 0        ...                 0   
45190                1                 0        ...                 0   
45191                0                 0        ...                 0   
45192                0                 0        ...                 0   
45193                0                 0        ...                 0   
45194                0                 0        ...                 0   
45195                0                 0        ...                 0   
45196                0                 0        ...                 0   
45197                0                 0        ...                 0   
45198                0                 0        ...                 0   
45199                1                 0        ...                 0   
45200                0                 0        ...                 0   
45201                0                 0        ...                 0   
45202                0                 0        ...                 0   
45203                0                 0        ...                 0   
45204                0                 0        ...                 0   
45205                0                 0        ...                 0   
45206                0                 0        ...                 0   
45207                0                 0        ...                 0   
45208                0                 0        ...                 0   
45209                1                 0        ...                 0   
45210                0                 1        ...                 0   

       month_mar  month_may  month_nov  month_oct  month_sep  0              0          1          0          0          0   
1              0          1          0          0          0   
2              0          1          0          0          0   
3              0          1          0          0          0   
4              0          1          0          0          0   
5              0          1          0          0          0   
6              0          1          0          0          0   
7              0          1          0          0          0   
8              0          1          0          0          0   
9              0          1          0          0          0   
10             0          1          0          0          0   
11             0          1          0          0          0   
12             0          1          0          0          0   
13             0          1          0          0          0   
14             0          1          0          0          0   
15             0          1          0          0          0   
16             0          1          0          0          0   
17             0          1          0          0          0   
18             0          1          0          0          0   
19             0          1          0          0          0   
20             0          1          0          0          0   
21             0          1          0          0          0   
22             0          1          0          0          0   
23             0          1          0          0          0   
24             0          1          0          0          0   
25             0          1          0          0          0   
26             0          1          0          0          0   
27             0          1          0          0          0   
28             0          1          0          0          0   
29             0          1          0          0          0   
...          ...        ...        ...        ...        ...   
45181          0          0          1          0          0   
45182          0          0          1          0          0   
45183          0          0          1          0          0   
45184          0          0          1          0          0   
45185          0          0          1          0          0   
45186          0          0          1          0          0   
45187          0          0          1          0          0   
45188          0          0          1          0          0   
45189          0          0          1          0          0   
45190          0          0          1          0          0   
45191          0          0          1          0          0   
45192          0          0          1          0          0   
45193          0          0          1          0          0   
45194          0          0          1          0          0   
45195          0          0          1          0          0   
45196          0          0          1          0          0   
45197          0          0          1          0          0   
45198          0          0          1          0          0   
45199          0          0          1          0          0   
45200          0          0          1          0          0   
45201          0          0          1          0          0   
45202          0          0          1          0          0   
45203          0          0          1          0          0   
45204          0          0          1          0          0   
45205          0          0          1          0          0   
45206          0          0          1          0          0   
45207          0          0          1          0          0   
45208          0          0          1          0          0   
45209          0          0          1          0          0   
45210          0          0          1          0          0   

       poutcome_failure  poutcome_other  poutcome_success  poutcome_unknown  
0                     0               0                 0                 1  
1                     0               0                 0                 1  
2                     0               0                 0                 1  
3                     0               0                 0                 1  
4                     0               0                 0                 1  
5                     0               0                 0                 1  
6                     0               0                 0                 1  
7                     0               0                 0                 1  
8                     0               0                 0                 1  
9                     0               0                 0                 1  
10                    0               0                 0                 1  
11                    0               0                 0                 1  
12                    0               0                 0                 1  
13                    0               0                 0                 1  
14                    0               0                 0                 1  
15                    0               0                 0                 1  
16                    0               0                 0                 1  
17                    0               0                 0                 1  
18                    0               0                 0                 1  
19                    0               0                 0                 1  
20                    0               0                 0                 1  
21                    0               0                 0                 1  
22                    0               0                 0                 1  
23                    0               0                 0                 1  
24                    0               0                 0                 1  
25                    0               0                 0                 1  
26                    0               0                 0                 1  
27                    0               0                 0                 1  
28                    0               0                 0                 1  
29                    0               0                 0                 1  
...                 ...             ...               ...               ...  
45181                 1               0                 0                 0  
45182                 0               0                 1                 0  
45183                 0               0                 1                 0  
45184                 0               0                 1                 0  
45185                 0               0                 1                 0  
45186                 1               0                 0                 0  
45187                 0               0                 0                 1  
45188                 0               0                 1                 0  
45189                 1               0                 0                 0  
45190                 0               0                 1                 0  
45191                 1               0                 0                 0  
45192                 0               0                 0                 1  
45193                 0               0                 1                 0  
45194                 1               0                 0                 0  
45195                 0               0                 1                 0  
45196                 0               0                 0                 1  
45197                 0               0                 0                 1  
45198                 0               0                 0                 1  
45199                 0               1                 0                 0  
45200                 0               0                 0                 1  
45201                 0               0                 1                 0  
45202                 0               0                 0                 1  
45203                 0               0                 0                 1  
45204                 1               0                 0                 0  
45205                 0               0                 0                 1  
45206                 0               0                 0                 1  
45207                 0               0                 0                 1  
45208                 0               0                 1                 0  
45209                 0               0                 0                 1  
45210                 0               1                 0                 0  

[45211 rows x 82 columns]>
SVM Confusion Matrix for training set
[[19686   260]
 [ 2156   504]]
SVM Predictive accuracy in training set: 0.893
accuracy:  0.893125718836
precision:  0.659685863874
recall:  0.189473684211
f1 score:  0.294392523364
SVM Area under the ROC curve: 0.836

In [8]: 
